# Created by Octave 4.2.1, Thu Dec 21 17:08:27 2017 GMT <unknown@unknown>
# name: v
# type: matrix
# rows: 10
# columns: 1
 3999
 3299
 3690
 2320
 5399
 2999
 3149
 1989
 2120
 2425


